40049 33093 1529960 27188 0 645361  194756  9219 6  3097 6  3020 6  2339 6  
5828 6  37813   398372  3923 2  112702  80553   3164    8117    8520    10800   
39795   32843   1495756 27574 6 644151  200178  9137 8  2977 8  3980 8  3439 8  
63225   142013  1647271 36083 1 693930  717218  16164   28013   35110   28729   
55098   45628   1485375 59030 5 953873  205211  50020   13727   23780   3229    
62165   42491   1491655 28922 5 662845  219371  11496   10807   14240   10039   
41480   34943   1482036 26819 6 641796  194993  8747 3  3477 3  3380 3  2939 3  
49117   43523   2540803 28516 3 659311  233297  11008   3987    4000    3539    
45862   40057   1491365 28765 5 660768  199766  11250   5027    5680    4139    
48728   39965   1496395 47929 5 846272  199976  35792   9587    16000   2439    
